(
(
human:0.0476975,
chimpanzee:0.0476975):0.167155,
dog:0.167155):0.167155;