(
(
human:0.0462122,
chimpanzee:0.0462122):0.265821,
dog:0.265821):0.265821;